7.226212620735168457e-01
2.524803280830383301e-01
2.316728532314300537e-01
5.853954553604125977e-01
7.615724802017211914e-01
2.314343899488449097e-01
5.213424563407897949e-01
7.309371829032897949e-01
7.615928053855895996e-01
4.054405391216278076e-01
4.541510045528411865e-01
1.531224548816680908e-01
7.615931630134582520e-01
4.690825641155242920e-01
7.615941762924194336e-01
7.615941762924194336e-01
7.396081924438476562e+00
2.238444089889526367e+00
2.357141494750976562e+00
3.850247383117675781e+00
9.247613906860351562e+00
1.974734067916870117e+00
2.935095548629760742e+00
3.912846326828002930e+00
7.324102878570556641e+00
5.173020839691162109e+00
1.545433759689331055e+00
1.984315633773803711e+00
4.917821407318115234e+00
7.788569927215576172e+00
7.000221252441406250e+00
4.307619571685791016e+00
1.497675180435180664e-01
7.280755043029785156e-01
4.336311221122741699e-01
4.998002946376800537e-01
7.615931034088134766e-01
7.615884542465209961e-01
6.642376184463500977e-01
7.615907788276672363e-01
6.699575185775756836e-01
7.501511573791503906e-01
4.575827717781066895e-01
6.496652960777282715e-01
4.564726054668426514e-01
6.863625645637512207e-01
6.284745335578918457e-01
3.793678581714630127e-01
2.445028066635131836e+00
2.837353706359863281e+00
5.068449974060058594e+00
4.221085071563720703e+00
6.573775768280029297e+00
4.686736583709716797e+00
4.832248687744140625e+00
6.317572116851806641e+00
4.432849407196044922e+00
2.753880977630615234e+00
4.517211437225341797e+00
2.748153209686279297e+00
1.100242733955383301e+00
4.042388916015625000e+00
6.170180320739746094e+00
2.940286874771118164e+00
2.730004310607910156e+00
8.389518857002258301e-01
1.849130749702453613e+00
3.663286924362182617e+00
1.380682826042175293e+00
1.118365168571472168e+00
1.846146702766418457e+00
8.824741363525390625e+00
1.531389474868774414e+00
1.123196005821228027e+00
2.292569637298583984e+00
2.732423305511474609e+00
8.743551969528198242e-01
1.184692144393920898e+00
1.427256941795349121e+00
2.229187011718750000e+00
1.134368181228637695e+00
4.763590395450592041e-01
1.417265534400939941e+00
5.678417205810546875e+00
3.034518480300903320e+00
3.214080572128295898e+00
3.658771514892578125e+00
5.773119449615478516e+00
2.070331573486328125e+00
2.542473316192626953e+00
6.878243684768676758e-01
1.686241626739501953e+00
1.506411552429199219e+00
2.027169942855834961e+00
1.312058210372924805e+00
5.830602169036865234e+00
